    TE_DfP   TE_DfPS  TE_DfS  TE_NoCond  TE_OnlyDF  TE_OnlyP  TE_OnlyS     TE_PS Transformation  VOL_IntBB  VOL_IntBB2  VOL_IntBB3  VOL_IntMU  VOL_IntMU2  VOL_IntMU3  VOL_IntU  VOL_IntU2  VOL_IntU3  VOL_Intersection  VOL_Intersection2  VOL_Intersection3
0        3  1.662085       1          0          0         3         1  1.662085    o1_t1_cs_d1   0.377376    0.377068    0.408160  -1.007396   -1.011266   -0.230519  0.824666   0.823993   0.956954          4.738198           4.734328           5.124702
1        1  0.795424       1          0          0         1         1  0.795424    o1_t1_cs_d2   0.406745    0.405804    0.418481  -0.287765   -0.299375    0.013433  0.945769   0.943581   1.002608          5.018543           5.006933           5.163337
2        3  2.994923       1          0          1         3         0  2.994923    o1_t2_mf_d1   0.174557    0.173955    0.180593  -2.954342   -2.966521   -2.697744  0.544665   0.542788   0.575419          3.533945           3.521766           3.656155
3        1  1.000000       1          0          1         1         0  1.000000    o1_t2_mf_d2   0.211454    0.210065    0.215544  -1.645408   -1.672929   -1.455887  0.717938   0.713221   0.745696          4.188099           4.160578           4.269099
4        1  1.000000       1          1          1         1         1  1.000000    o1_t2_ap_d1   0.254777    0.254187    0.256688  -0.490169   -0.501779   -0.403247  0.911019   0.908912   0.926138          5.018543           5.006933           5.056199
5        1  1.000000       1          1          1         1         1  1.000000    o1_t2_ap_d2   0.434002    0.426782    0.430461   0.040215   -0.044486    0.041839  1.007961   0.991193   1.008354          5.091633           5.006933           5.050095
6        3  3.000000       3          3          3         3         3  3.000000    o1_t2_rp_d1   0.299297    0.298967    0.308100  -1.495632   -1.499502   -1.285223  0.701288   0.700515   0.737698          3.511301           3.507431           3.614570
7        1  1.000000       1          1          1         1         1  1.000000    o1_t2_rp_d2   0.368553    0.367563    0.373847  -0.683139   -0.694749   -0.547311  0.863561   0.861243   0.889056          4.323794           4.312184           4.385903
8        3  2.202966       1          0          0         3         1  2.202966    o2_t1_cs_d1   0.267965    0.229031    0.260367  -1.411232   -2.013623   -1.043957  0.746056   0.637659   0.794190          4.146022           3.543630           4.028464
9        1  0.881040       1          0          0         1         1  0.881040    o2_t1_cs_d2   0.353234    0.298978    0.313139   0.123715   -0.500412   -0.174597  1.031402   0.872981   0.953771          4.063392           3.439264           3.602172
10       3  2.981454       1          0          1         3         0  2.981454    o2_t2_mf_d1   0.201830    0.161898    0.173952  -2.284176   -2.900691   -2.528468  0.577026   0.462862   0.515077          3.116096           2.499581           2.685692
11       1  1.000000       1          0          1         1         0  1.000000    o2_t2_mf_d2   0.333865    0.279611    0.290940  -0.483098   -1.136760   -0.863784  0.892777   0.747698   0.802296          4.022459           3.368798           3.505285
12       1  1.000000       1          1          1         1         1  1.000000    o2_t2_ap_d1   0.333631    0.282443    0.288546   0.257955   -0.456059   -0.285789  1.058683   0.896250   0.933701          4.653690           3.939677           4.024811
13       1  1.000000       1          1          1         1         1  1.000000    o2_t2_ap_d2   0.344895    0.294181    0.299302   0.161686   -0.517467   -0.380321  1.036276   0.883902   0.913338          4.618830           3.939677           4.008250
14       3  3.000000       3          3          3         3         3  3.000000    o2_t2_rp_d1   0.266339    0.213972    0.227052  -0.875872   -1.478263   -1.177335  0.777679   0.624776   0.689293          3.063805           2.461414           2.611878
15       1  1.000000       1          1          1         1         1  1.000000    o2_t2_rp_d2   0.338317    0.282216    0.287929  -0.047881   -0.693227   -0.561802  0.987846   0.824040   0.854980          3.891796           3.246450           3.312162
16       2  1.734154       1          0          0         2         1  1.734154    o3_t1_cs_d1   0.605947    0.604994    0.652410  -0.482777   -0.485705   -0.194455  0.794016   0.792766   0.911536          1.860980           1.858052           2.003677
17       1  0.804024       1          0          0         1         1  0.804024    o3_t1_cs_d2   0.693889    0.692931    0.719201  -0.108132   -0.111060    0.049530  0.951488   0.950174   1.023051          2.120849           2.117921           2.198216
18       2  2.000000       1          0          1         2         0  2.000000    o3_t2_mf_d1   0.313648    0.313037    0.336888  -1.445831   -1.448759   -1.220183  0.509682   0.508689   0.569520          1.502928           1.500000           1.614288
19       1  1.000000       1          0          1         1         0  1.000000    o3_t2_mf_d2   0.508489    0.507426    0.522359  -0.272441   -0.276811   -0.154074  0.884660   0.882810   0.933032          2.089623           2.085252           2.146621
20       1  1.000000       1          1          1         1         1  1.000000    o3_t2_ap_d1   0.625855    0.623391    0.631408  -0.099780   -0.108564   -0.051389  0.957203   0.953436   0.977685          2.231700           2.222915           2.251503
21       1  1.000000       1          1          1         1         1  1.000000    o3_t2_ap_d2   0.442506    0.440764    0.442574  -0.072799   -0.081584   -0.063328  0.968410   0.964598   0.972411          2.231700           2.222915           2.232043
22       2  2.000000       2          2          2         2         2  2.000000    o3_t2_rp_d1   0.507388    0.506400    0.535861  -0.719987   -0.722915   -0.548380  0.676107   0.674790   0.743226          1.502928           1.500000           1.587268
23       1  1.000000       1          1          1         1         1  1.000000    o3_t2_rp_d2   0.704969    0.703981    0.724699  -0.134735   -0.137663   -0.014925  0.939388   0.938071   0.993095          2.088181           2.085252           2.146621
24       3  2.444730       1          0          0         3         1  2.444730    o4_t1_cs_d1   0.362750    0.356637    0.439515  -1.743320   -1.786010   -0.628505  0.592343   0.582361   0.830028          2.533121           2.490431           3.069183
25       1  0.935513       1          0          0         1         1  0.935513    o4_t1_cs_d2   0.355506    0.347321    0.387054  -0.918493   -0.961183   -0.546691  0.668751   0.653356   0.786913          1.854327           1.811637           2.018883
26       3  2.998052       1          0          1         3         0  2.998052    o4_t2_mf_d1   0.216463    0.210791    0.243629  -2.271199   -2.315210   -1.805574  0.425153   0.414013   0.511498          1.679761           1.635749           1.890568
27       1  1.000000       1          0          1         1         0  1.000000    o4_t2_mf_d2   0.243779    0.232391    0.242040  -1.975384   -2.060763   -1.916083  0.480600   0.458150   0.486423          1.827817           1.742438           1.814778
28       1  1.000000       1          1          1         1         1  1.000000    o4_t2_ap_d1   0.395526    0.378064    0.381549  -0.148712   -0.276781   -0.225661  0.951236   0.909240   0.925378          2.900889           2.772820           2.798379
29       1  1.000000       1          1          1         1         1  1.000000    o4_t2_ap_d2   0.396131    0.378642    0.383174  -0.020477   -0.148546   -0.082167  0.992991   0.949152   0.971551          2.900889           2.772820           2.806009
30       3  3.000000       3          3          3         3         3  3.000000    o4_t2_rp_d1   0.295633    0.287575    0.301702  -1.230791   -1.272820   -1.125452  0.556123   0.540966   0.583032          1.542029           1.500000           1.573684
31       1  1.000000       1          1          1         1         1  1.000000    o4_t2_rp_d2   0.342239    0.334055    0.347924  -0.987692   -1.030382   -0.885701  0.643795   0.628399   0.672021          1.785128           1.742438           1.814778
32       4  3.002058       1          0          0         4         1  3.002058    o5_t1_cs_d1   0.190009    0.188170    0.213320  -1.730920   -1.762814   -0.890232  0.655688   0.649343   0.806087          3.296259           3.264364           3.700655
33       1  0.599812       1          0          0         1         1  0.599812    o5_t1_cs_d2   0.266278    0.260033    0.261598   0.034092   -0.051191   -0.008452  1.009465   0.985788   0.997640          3.636129           3.550846           3.572216
34       4  4.000000       1          0          1         4         0  4.000000    o5_t2_mf_d1   0.190786    0.181809    0.193306  -1.659292   -1.789714   -1.455642  0.625540   0.596107   0.658630          2.771864           2.641442           2.808478
35       1  1.000000       1          0          1         1         0  1.000000    o5_t2_mf_d2   0.282127    0.274047    0.276448  -0.083222   -0.185473   -0.124699  0.977221   0.949233   0.965581          3.570178           3.467927           3.498314
36       1  1.000000       1          1          1         1         1  1.000000    o5_t2_ap_d1   0.275552    0.269127    0.272095  -0.329732   -0.415015   -0.336227  0.917303   0.895914   0.914833          3.657499           3.572216           3.611610
37       1  1.000000       1          1          1         1         1  1.000000    o5_t2_ap_d2   0.299076    0.282288    0.294369  -0.048490   -0.260925    0.044823  0.987350   0.931929   1.012179          3.784650           3.572216           3.725090
38       3  3.000000       3          3          3         3         3  3.000000    o5_t2_rp_d1   0.198553    0.192088    0.201715  -1.059626   -1.141442   -0.897784  0.703370   0.680467   0.739802          2.512590           2.430774           2.552603
39       1  1.000000       1          1          1         1         1  1.000000    o5_t2_rp_d2   0.279809    0.273344    0.275322  -0.031371   -0.113187   -0.063129  0.991218   0.968315   0.982203          3.540845           3.459029           3.484058
40       2  1.438782       1          0          0         2         1  1.438782    o6_t1_cs_d1   0.301562    0.301562    0.335070  -0.719676   -0.719676   -0.219603  0.757682   0.757682   0.919261          2.250286           2.250286           2.500323
41       1  0.898796       1          0          0         1         1  0.898796    o6_t1_cs_d2   0.308245    0.308245    0.314190  -0.235332   -0.235332   -0.146600  0.907185   0.907185   0.941151          2.300153           2.300153           2.344518
42       1  1.000000       1          0          1         1         0  1.000000    o6_t2_mf_d1   0.283548    0.283548    0.294221  -0.797466   -0.797466   -0.638181  0.726270   0.726270   0.774788          2.115866           2.115866           2.195509
43       1  1.000000       1          0          1         1         0  1.000000    o6_t2_mf_d2   0.234718    0.234718    0.238508  -0.507540   -0.507540   -0.434524  0.816665   0.816665   0.840942          2.260830           2.260830           2.297338
44       1  1.000000       1          1          1         1         1  1.000000    o6_t2_ap_d1   0.275964    0.275964    0.278304  -0.124248   -0.124248   -0.081613  0.952916   0.952916   0.968821          2.514600           2.514600           2.535917
45       1  1.000000       1          1          1         1         1  1.000000    o6_t2_ap_d2   0.294307    0.291605    0.295974  -0.208836   -0.232134   -0.156777  0.923969   0.915487   0.942128          2.537897           2.514600           2.552278
46       1  1.000000       1          1          1         1         1  1.000000    o6_t2_rp_d1   0.283548    0.283548    0.294221  -0.398733   -0.398733   -0.239447  0.841433   0.841433   0.901663          2.115866           2.115866           2.195509
47       1  1.000000       1          1          1         1         1  1.000000    o6_t2_rp_d2   0.302975    0.302975    0.305538  -0.253770   -0.253770   -0.215514  0.899081   0.899081   0.913638          2.260830           2.260830           2.279958
48       3  1.756766       1          0          0         3         1  1.756766    o7_t1_cs_d1   0.581982    0.571995    0.637215  -0.656616   -0.709687   -0.016494  0.824875   0.810720   0.995153          3.092794           3.039723           3.386320
49       1  0.750626       1          0          0         1         1  0.750626    o7_t1_cs_d2   0.670287    0.640257    0.680545  -0.210757   -0.340949    0.008381  0.932378   0.890606   1.002849          2.905934           2.775742           2.950407
50       3  3.000000       1          0          1         3         0  3.000000    o7_t2_mf_d1   0.180533    0.176008    0.192865  -3.233382   -3.271942   -2.984612  0.322418   0.314337   0.355135          1.538560           1.500000           1.643665
51       1  1.000000       1          0          1         1         0  1.000000    o7_t2_mf_d2   0.338344    0.322543    0.335849  -0.802400   -0.932591   -0.713315  0.776505   0.740243   0.795060          2.787842           2.657651           2.767289
52       1  1.000000       1          1          1         1         1  1.000000    o7_t2_ap_d1   0.626078    0.595650    0.596712   0.135642   -0.023571   -0.012462  1.043195   0.992494   0.996024          3.275905           3.116691           3.122245
53       1  1.000000       1          1          1         1         1  1.000000    o7_t2_ap_d2   0.620490    0.588580    0.597209  -0.044290   -0.213262   -0.121875  0.986700   0.935957   0.962891          3.285663           3.116691           3.162384
54       3  3.000000       3          3          3         3         3  3.000000    o7_t2_rp_d1   0.354887    0.345992    0.375704  -1.578131   -1.616691   -1.359069  0.493652   0.481280   0.545139          1.538560           1.500000           1.628811
55       1  1.000000       1          1          1         1         1  1.000000    o7_t2_rp_d2   0.584224    0.571982    0.599141  -0.583871   -0.636942   -0.401460  0.812663   0.795635   0.866133          2.532820           2.479749           2.597490
56       3  2.438936       1          0          0         3         1  2.438936    o8_t1_cs_d1   0.470472    0.438556    0.507608  -1.207919   -1.426729   -0.479917  0.727539   0.678184   0.878808          3.225446           3.006636           3.480042
57       1  0.927965       1          0          0         1         1  0.927965    o8_t1_cs_d2   0.763965    0.639631    0.654820   0.335952   -0.224027   -0.087215  1.108203   0.927846   0.971277          3.440786           2.880806           2.949212
58       3  3.000000       1          0          1         3         0  3.000000    o8_t2_mf_d1   0.333128    0.294898    0.322696  -1.947949   -2.217593   -1.825456  0.546738   0.483995   0.554935          2.349669           2.080024           2.276093
59       1  1.000000       1          0          1         1         0  0.995392    o8_t2_mf_d2   0.552251    0.461256    0.471542   0.040679   -0.524366   -0.396622  1.012005   0.845256   0.880705          3.429275           2.864230           2.928102
60       1  1.000000       1          1          1         1         1  1.000000    o8_t2_ap_d1   0.422821    0.349029    0.363869  -0.630835   -1.287265   -1.023242  0.856370   0.706914   0.759807          3.761263           3.104834           3.236845
61       1  1.000000       1          1          1         1         1  1.000000    o8_t2_ap_d2   0.653119    0.536010    0.551657   0.372189   -0.306161   -0.124900  1.109115   0.910243   0.962384          3.783183           3.104834           3.195464
62       1  1.000000       1          1          1         1         1  1.000000    o8_t2_rp_d1   0.685005    0.581920    0.614159  -0.019671   -0.483949   -0.193553  0.993665   0.844131   0.934603          3.085163           2.620885           2.766083
63       1  1.000000       1          1          1         1         1  1.000000    o8_t2_rp_d2   0.615433    0.545435    0.573042  -0.333015   -0.648275   -0.399600  0.892743   0.791205   0.865928          2.771818           2.456559           2.580896
64       2  1.223247       1          0          0         2         1  1.223247    o9_t1_cs_d1   0.413809    0.408668    0.448420  -0.449801   -0.475910   -0.072083  0.823724   0.813492   0.969323          2.101887           2.075777           2.277691
65       1  0.775590       1          0          0         1         1  0.775590    o9_t1_cs_d2   0.418886    0.417173    0.435068  -0.110075   -0.118778    0.063016  0.950810   0.946921   1.029353          2.127679           2.118976           2.209874
66       2  2.000000       1          0          1         2         0  2.000000    o9_t2_mf_d1   0.208944    0.205834    0.211295  -0.993089   -1.019199   -0.927506  0.638529   0.629025   0.656671          1.754265           1.728156           1.774002
67       1  1.000000       1          0          1         1         0  0.998119    o9_t2_mf_d2   0.341252    0.339832    0.350638  -0.309076   -0.317779   -0.185294  0.871272   0.867647   0.920636          2.091920           2.083217           2.149459
68       1  1.000000       1          1          1         1         1  1.000000    o9_t2_ap_d1   0.326450    0.322685    0.334619  -0.616236   -0.642346   -0.476830  0.786036   0.776971   0.829542          2.263864           2.237755           2.320513
69       1  1.000000       1          1          1         1         1  1.000000    o9_t2_ap_d2   0.353659    0.349581    0.361301  -0.560605   -0.586715   -0.436660  0.801518   0.792274   0.841182          2.263864           2.237755           2.312782
70       2  2.000000       2          2          2         2         2  2.000000    o9_t2_rp_d1   0.345371    0.340230    0.349256  -0.483490   -0.509599   -0.417907  0.783940   0.772272   0.809341          1.754265           1.728156           1.774002
71       1  1.000000       1          1          1         1         1  1.000000    o9_t2_rp_d2   0.411625    0.409911    0.421955  -0.146961   -0.155664   -0.033313  0.934327   0.930437   0.984695          2.090794           2.082091           2.143266
72       4  3.367593       1          0          0         4         1  3.367593   o10_t1_cs_d1   0.190265    0.185821    0.218053  -1.540485   -1.606718   -0.645900  0.647996   0.632862   0.834211          2.835847           2.769615           3.250024
73       1  0.907564       1          0          0         1         1  0.907564   o10_t1_cs_d2   0.285793    0.268067    0.278780  -0.169718   -0.353250   -0.131414  0.945754   0.887094   0.956453          2.958984           2.775452           2.886370
74       1  1.000000       1          0          1         1         0  1.000000   o10_t2_mf_d1   0.263904    0.247614    0.250142  -0.008344   -0.207041   -0.145365  0.997415   0.935846   0.954522          3.218899           3.020202           3.051039
75       1  1.000000       1          0          1         1         0  1.000000   o10_t2_mf_d2   0.191405    0.179521    0.186042  -1.267694   -1.427563   -1.252129  0.670095   0.628491   0.666534          2.574912           2.415044           2.502761
76       1  1.000000       1          1          1         1         1  1.000000   o10_t2_ap_d1   0.260616    0.245029    0.246895  -0.012441   -0.211138   -0.163581  0.996269   0.936688   0.950596          3.322419           3.123722           3.147501
77       1  1.000000       1          1          1         1         1  1.000000   o10_t2_ap_d2   0.232041    0.218164    0.220583  -0.291927   -0.490624   -0.421358  0.919231   0.864256   0.882293          3.322419           3.123722           3.158355
78       1  1.000000       1          1          1         1         1  1.000000   o10_t2_rp_d1   0.324145    0.304136    0.305735   0.095177   -0.103520   -0.071755  1.030469   0.966860   0.976912          3.218899           3.020202           3.036084
79       1  1.000000       1          1          1         1         1  1.000000   o10_t2_rp_d2   0.298711    0.290514    0.295545  -0.157389   -0.238787   -0.138877  0.949615   0.923557   0.954819          2.966333           2.884935           2.934890