   Target    Comparison FeatureDistance AffineImageDistance AffineFeatureDistance CenteredScaledDistance
0      o1   o1_t1_cs_d1         3648.96            0.278201              0.848113                0.12491
1      o1   o1_t1_cs_d2         115.023            0.214129             0.0525294               0.057117
2      o1   o1_t2_ap_d1               6             0.25927            0.00333049              0.0530545
3      o1   o1_t2_ap_d2           619.5            0.245531               0.30115               0.096031
4      o1   o1_t2_mf_d1          13.125             0.26648            0.00641834              0.0827916
5      o1   o1_t2_mf_d2         22.6484            0.236035             0.0105293              0.0420762
6      o1   o1_t2_rp_d1         83.5938            0.226103             0.0433169               0.078377
7      o1   o1_t2_rp_d2         3936.92             0.16721              0.913112              0.0900898
8      o2   o2_t1_cs_d1         3581.84            0.204122              0.835209               0.119775
9      o2   o2_t1_cs_d2         3955.09            0.150006              0.931498               0.157417
10     o2   o2_t2_ap_d1         3969.61            0.156602              0.908359               0.125145
11     o2   o2_t2_ap_d2         897.469            0.174299              0.416494               0.216458
12     o2   o2_t2_mf_d1         2633.56             0.15195              0.637411               0.181491
13     o2   o2_t2_mf_d2         3973.09            0.142458              0.930589               0.142266
14     o2   o2_t2_rp_d1          3578.8           0.0840853              0.826926               0.133216
15     o2   o2_t2_rp_d2         199.094            0.142905             0.0862337              0.0756514
16     o3   o3_t1_cs_d1         1036.62           0.0234302              0.308963               0.139498
17     o3   o3_t1_cs_d2          736.93           0.0931592              0.200141               0.127998
18     o3   o3_t2_ap_d1         515.375            0.108556               0.13994               0.129539
19     o3   o3_t2_ap_d2         178.617           0.0960431             0.0428899               0.110556
20     o3   o3_t2_mf_d1         178.617           0.0860216             0.0428899              0.0942949
21     o3   o3_t2_mf_d2         210.211            0.103831             0.0540627               0.108111
22     o3   o3_t2_rp_d1         1971.69           0.0607653              0.593692              0.0236914
23     o3   o3_t2_rp_d2            1688           0.0933093              0.506455               0.096096
24     o4   o4_t1_cs_d1         2617.11            0.073934              0.647207               0.164433
25     o4   o4_t1_cs_d2         940.844           0.0974822              0.231067               0.110199
26     o4   o4_t2_ap_d1         1964.24            0.155929              0.728131               0.171939
27     o4   o4_t2_ap_d2         168.672             0.14992             0.0474421              0.0774458
28     o4   o4_t2_mf_d1         3485.74            0.133235              0.950895               0.204706
29     o4   o4_t2_mf_d2         877.547            0.137398              0.369022              0.0971203
30     o4   o4_t2_rp_d1         4106.25           0.0681705              0.953921              0.0645801
31     o4   o4_t2_rp_d2         2562.88            0.133261              0.630068               0.118686
32     o5   o5_t1_cs_d1         1078.42           0.0522452              0.264552               0.152473
33     o5   o5_t1_cs_d2         4491.99            0.156221              0.993288               0.155582
34     o5   o5_t2_ap_d1         36.1172            0.194449             0.0103742              0.0683824
35     o5   o5_t2_ap_d2         1952.71            0.211537               0.66396               0.128887
36     o5   o5_t2_mf_d1         335.875            0.144355             0.0793708                0.14603
37     o5   o5_t2_mf_d2         4522.38            0.149253              0.995488               0.162635
38     o5   o5_t2_rp_d1         2996.02            0.105327              0.790768              0.0721899
39     o5   o5_t2_rp_d2         1610.17            0.133295               0.41663               0.127665
40     o6   o6_t1_cs_d1         22.5547           0.0116249             0.0110693              0.0421432
41     o6   o6_t1_cs_d2         471.188            0.099316              0.241964               0.150721
42     o6   o6_t2_ap_d1         1183.34            0.132742              0.361085               0.152494
43     o6   o6_t2_ap_d2         2443.46            0.159432              0.599327               0.186369
44     o6   o6_t2_mf_d1         2309.59            0.148547              0.575537               0.173433
45     o6   o6_t2_mf_d2          3954.3            0.107233              0.921945               0.136453
46     o6   o6_t2_rp_d1         3950.97           0.0940942               0.91831               0.154174
47     o6   o6_t2_rp_d2         0.34375            0.136993           8.68041e-05              0.0226941
48     o7   o7_t1_cs_d1         2596.22            0.136976               0.84128              0.0805459
49     o7   o7_t1_cs_d2         1372.37            0.104591              0.340573              0.0561668
50     o7   o7_t2_ap_d1         3235.59            0.171359              0.932755              0.0793747
51     o7   o7_t2_ap_d2         2183.98            0.183058              0.751938              0.0718675
52     o7   o7_t2_mf_d1         4544.77            0.106097               1.00383               0.110353
53     o7   o7_t2_mf_d2         4644.25            0.113762               1.00187              0.0479543
54     o7   o7_t2_rp_d1         390.438           0.0785581              0.136841              0.0960288
55     o7   o7_t2_rp_d2         1536.72            0.104137              0.392171               0.109382
56     o8   o8_t1_cs_d1         3426.05            0.155594              0.797923               0.148875
57     o8   o8_t1_cs_d2         1407.02            0.123458              0.416236               0.132013
58     o8   o8_t2_ap_d1          3534.8            0.159604              0.822345               0.181613
59     o8   o8_t2_ap_d2         601.047            0.140852              0.219381               0.105151
60     o8   o8_t2_mf_d1         324.422           0.0881069              0.169662               0.152301
61     o8   o8_t2_mf_d2         3528.73             0.15313               0.81934                 0.1414
62     o8   o8_t2_rp_d1         1303.11            0.117935              0.400161               0.136043
63     o8   o8_t2_rp_d2         262.336            0.111383              0.136459              0.0913693
64     o9   o9_t1_cs_d1          997.18           0.0273131              0.277602               0.122364
65     o9   o9_t1_cs_d2         3997.47            0.109776              0.976242               0.150027
66     o9   o9_t2_ap_d1         2567.47            0.168728              0.748456               0.171511
67     o9   o9_t2_ap_d2         4852.15            0.121805               1.00761               0.120304
68     o9   o9_t2_mf_d1         2557.49            0.135484              0.766525               0.189365
69     o9   o9_t2_mf_d2         33.4219            0.147481            0.00792566              0.0948937
70     o9   o9_t2_rp_d1         866.547           0.0773396               0.25375               0.143092
71     o9   o9_t2_rp_d2         754.094            0.119477              0.202662               0.138007
72    o10  o10_t1_cs_d1         2166.24            0.161355               0.59962               0.147917
73    o10  o10_t1_cs_d2         3435.22            0.158664              0.805876               0.130376
74    o10  o10_t2_ap_d1         729.969             0.17295              0.281744               0.163171
75    o10  o10_t2_ap_d2         1327.22            0.195596              0.442731               0.186988
76    o10  o10_t2_mf_d1         61.1172             0.15464             0.0304388              0.0871398
77    o10  o10_t2_mf_d2         3454.94            0.133181                0.8681               0.140275
78    o10  o10_t2_rp_d1         3312.73            0.162749              0.786178               0.116248
79    o10  o10_t2_rp_d2          3547.3            0.116627              0.872426               0.139166