    TE_DfP  TE_DfPS  TE_DfS  TE_NoCond  TE_OnlyDF  TE_OnlyP  TE_OnlyS   TE_VolD   TE_VolI Transformation  VOL_IntDifference  VOL_IntDifference_Uncertain  VOL_IntRatio  VOL_IntRatio_Uncertain  VOL_Intersection  VOL_Intersection_Uncertain
0        3        3       1          0          0         3         1  1.199746  1.599266    o1_t1_cs_d1          -1.011266                    -0.230519      0.823993                0.956954          4.734328                    5.124702
1        1        1       1          0          0         1         1  0.299375  0.795424    o1_t1_cs_d2          -0.299375                     0.013433      0.943581                1.002608          5.006933                    5.163337
2        3        3       1          0          1         3         0  2.976819  2.991123    o1_t2_mf_d1          -2.966521                    -2.697744      0.542788                0.575419          3.521766                    3.656155
3        1        1       1          0          1         1         0  1.700449  1.000000    o1_t2_mf_d2          -1.672929                    -1.455887      0.713221                0.745696          4.160578                    4.269099
4        1        1       1          1          1         1         1  0.501779  1.000000    o1_t2_ap_d1          -0.501779                    -0.403247      0.908912                0.926138          5.006933                    5.056199
5        1        1       1          1          1         1         1  0.117576  1.000000    o1_t2_ap_d2          -0.044486                     0.041839      0.991193                1.008354          5.006933                    5.050095
6        3        3       3          3          3         3         3  1.503372  3.000000    o1_t2_rp_d1          -1.499502                    -1.285223      0.700515                0.737698          3.507431                    3.614570
7        1        1       1          1          1         1         1  0.694749  1.000000    o1_t2_rp_d2          -0.694749                    -0.547311      0.861243                0.889056          4.312184                    4.385903
8        3        3       1          0          0         3         1  2.475399  2.161232    o2_t1_cs_d1          -2.013623                    -1.043957      0.637659                0.794190          3.543630                    4.028464
9        1        1       1          0          0         1         1  0.521889  0.881040    o2_t1_cs_d2          -0.500412                    -0.174597      0.872981                0.953771          3.439264                    3.602172
10       3        3       1          0          1         3         0  2.940326  2.970429    o2_t2_mf_d1          -2.900691                    -2.528468      0.462862                0.515077          2.499581                    2.685692
11       1        1       1          0          1         1         0  1.184712  1.000000    o2_t2_mf_d2          -1.136760                    -0.863784      0.747698                0.802296          3.368798                    3.505285
12       1        1       1          1          1         1         1  0.502991  1.000000    o2_t2_ap_d1          -0.456059                    -0.285789      0.896250                0.933701          3.939677                    4.024811
13       1        1       1          1          1         1         1  0.529076  1.000000    o2_t2_ap_d2          -0.517467                    -0.380321      0.883902                0.913338          3.939677                    4.008250
14       3        3       3          3          3         3         3  1.510608  3.000000    o2_t2_rp_d1          -1.478263                    -1.177335      0.624776                0.689293          2.461414                    2.611878
15       1        1       1          1          1         1         1  0.704095  1.000000    o2_t2_rp_d2          -0.693227                    -0.561802      0.824040                0.854980          3.246450                    3.312162
16       2        2       1          0          0         2         1  0.745888  1.669480    o3_t1_cs_d1          -0.485705                    -0.194455      0.792766                0.911536          1.858052                    2.003677
17       1        1       1          0          0         1         1  0.113988  0.777245    o3_t1_cs_d2          -0.111060                     0.049530      0.950174                1.023051          2.117921                    2.198216
18       2        2       1          0          1         2         0  1.451687  2.000000    o3_t2_mf_d1          -1.448759                    -1.220183      0.508689                0.569520          1.500000                    1.614288
19       1        1       1          0          1         1         0  0.281182  1.000000    o3_t2_mf_d2          -0.276811                    -0.154074      0.882810                0.933032          2.085252                    2.146621
20       1        1       1          1          1         1         1  0.108564  1.000000    o3_t2_ap_d1          -0.108564                    -0.051389      0.953436                0.977685          2.222915                    2.251503
21       1        1       1          1          1         1         1  0.081584  1.000000    o3_t2_ap_d2          -0.081584                    -0.063328      0.964598                0.972411          2.222915                    2.232043
22       2        2       2          2          2         2         2  0.725843  2.000000    o3_t2_rp_d1          -0.722915                    -0.548380      0.674790                0.743226          1.500000                    1.587268
23       1        1       1          1          1         1         1  0.140591  1.000000    o3_t2_rp_d2          -0.137663                    -0.014925      0.938071                0.993095          2.085252                    2.146621
24       3        3       1          0          0         3         1  2.300476  2.420996    o4_t1_cs_d1          -1.786010                    -0.628505      0.582361                0.830028          2.490431                    3.069183
25       1        1       1          0          0         1         1  1.003872  0.935513    o4_t1_cs_d2          -0.961183                    -0.546691      0.653356                0.786913          1.811637                    2.018883
26       3        3       1          0          1         3         0  2.372596  2.996465    o4_t2_mf_d1          -2.315210                    -1.805574      0.414013                0.511498          1.635749                    1.890568
27       1        1       1          0          1         1         0  2.146143  1.000000    o4_t2_mf_d2          -2.060763                    -1.916083      0.458150                0.486423          1.742438                    1.814778
28       1        1       1          1          1         1         1  0.276781  1.000000    o4_t2_ap_d1          -0.276781                    -0.225661      0.909240                0.925378          2.772820                    2.798379
29       1        1       1          1          1         1         1  0.148546  1.000000    o4_t2_ap_d2          -0.148546                    -0.082167      0.949152                0.971551          2.772820                    2.806009
30       3        3       3          3          3         3         3  1.315509  3.000000    o4_t2_rp_d1          -1.272820                    -1.125452      0.540966                0.583032          1.500000                    1.573684
31       1        1       1          1          1         1         1  1.073071  1.000000    o4_t2_rp_d2          -1.030382                    -0.885701      0.628399                0.672021          1.742438                    1.814778
32       4        4       1          0          0         4         1  2.049395  2.945134    o5_t1_cs_d1          -1.762814                    -0.890232      0.649343                0.806087          3.264364                    3.700655
33       1        1       1          0          0         1         1  0.051191  0.538619    o5_t1_cs_d2          -0.051191                    -0.008452      0.985788                0.997640          3.550846                    3.572216
34       4        4       1          0          1         4         0  1.914936  4.000000    o5_t2_mf_d1          -1.789714                    -1.455642      0.596107                0.658630          2.641442                    2.808478
35       1        1       1          0          1         1         0  0.220849  1.000000    o5_t2_mf_d2          -0.185473                    -0.124699      0.949233                0.965581          3.467927                    3.498314
36       1        1       1          1          1         1         1  0.415015  1.000000    o5_t2_ap_d1          -0.415015                    -0.336227      0.895914                0.914833          3.572216                    3.611610
37       1        1       1          1          1         1         1  0.388076  1.000000    o5_t2_ap_d2          -0.260925                     0.044823      0.931929                1.012179          3.572216                    3.725090
38       3        3       3          3          3         3         3  1.143175  3.000000    o5_t2_rp_d1          -1.141442                    -0.897784      0.680467                0.739802          2.430774                    2.552603
39       1        1       1          1          1         1         1  0.114921  1.000000    o5_t2_rp_d2          -0.113187                    -0.063129      0.968315                0.982203          3.459029                    3.484058
40       2        2       1          0          0         2         1  0.727662  1.358479    o6_t1_cs_d1          -0.719676                    -0.219603      0.757682                0.919261          2.250286                    2.500323
41       1        1       1          0          0         1         1  0.235332  0.856828    o6_t1_cs_d2          -0.235332                    -0.146600      0.907185                0.941151          2.300153                    2.344518
42       1        1       1          0          1         1         0  0.797466  1.000000    o6_t2_mf_d1          -0.797466                    -0.638181      0.726270                0.774788          2.115866                    2.195509
43       1        1       1          0          1         1         0  0.507540  1.000000    o6_t2_mf_d2          -0.507540                    -0.434524      0.816665                0.840942          2.260830                    2.297338
44       1        1       1          1          1         1         1  0.124248  1.000000    o6_t2_ap_d1          -0.124248                    -0.081613      0.952916                0.968821          2.514600                    2.535917
45       1        1       1          1          1         1         1  0.255431  1.000000    o6_t2_ap_d2          -0.232134                    -0.156777      0.915487                0.942128          2.514600                    2.552278
46       1        1       1          1          1         1         1  0.398733  1.000000    o6_t2_rp_d1          -0.398733                    -0.239447      0.841433                0.901663          2.115866                    2.195509
47       1        1       1          1          1         1         1  0.253770  1.000000    o6_t2_rp_d2          -0.253770                    -0.215514      0.899081                0.913638          2.260830                    2.279958
48       3        3       1          0          0         3         1  1.510581  1.729518    o7_t1_cs_d1          -0.709687                    -0.016494      0.810720                0.995153          3.039723                    3.386320
49       1        1       1          0          0         1         1  0.355460  0.750626    o7_t1_cs_d2          -0.340949                     0.008381      0.890606                1.002849          2.775742                    2.950407
50       3        3       1          0          1         3         0  3.339524  3.000000    o7_t2_mf_d1          -3.271942                    -2.984612      0.314337                0.355135          1.500000                    1.643665
51       1        1       1          0          1         1         0  0.947102  1.000000    o7_t2_mf_d2          -0.932591                    -0.713315      0.740243                0.795060          2.657651                    2.767289
52       1        1       1          1          1         1         1  0.023571  1.000000    o7_t2_ap_d1          -0.023571                    -0.012462      0.992494                0.996024          3.116691                    3.122245
53       1        1       1          1          1         1         1  0.223020  1.000000    o7_t2_ap_d2          -0.213262                    -0.121875      0.935957                0.962891          3.116691                    3.162384
54       3        3       3          3          3         3         3  1.669762  3.000000    o7_t2_rp_d1          -1.616691                    -1.359069      0.481280                0.545139          1.500000                    1.628811
55       1        1       1          1          1         1         1  0.690014  1.000000    o7_t2_rp_d2          -0.636942                    -0.401460      0.795635                0.866133          2.479749                    2.597490
56       3        3       1          0          0         3         1  2.241470  2.374501    o8_t1_cs_d1          -1.426729                    -0.479917      0.678184                0.878808          3.006636                    3.480042
57       1        1       1          0          0         1         1  0.272252  0.927965    o8_t1_cs_d2          -0.224027                    -0.087215      0.927846                0.971277          2.880806                    2.949212
58       3        3       1          0          1         3         0  2.487238  3.000000    o8_t2_mf_d1          -2.217593                    -1.825456      0.483995                0.554935          2.080024                    2.276093
59       1        1       1          0          1         1         0  0.577656  0.992171    o8_t2_mf_d2          -0.524366                    -0.396622      0.845256                0.880705          2.864230                    2.928102
60       1        1       1          1          1         1         1  1.287265  1.000000    o8_t2_ap_d1          -1.287265                    -1.023242      0.706914                0.759807          3.104834                    3.236845
61       1        1       1          1          1         1         1  0.327301  1.000000    o8_t2_ap_d2          -0.306161                    -0.124900      0.910243                0.962384          3.104834                    3.195464
62       1        1       1          1          1         1         1  0.580024  1.000000    o8_t2_rp_d1          -0.483949                    -0.193553      0.844131                0.934603          2.620885                    2.766083
63       1        1       1          1          1         1         1  0.818860  1.000000    o8_t2_rp_d2          -0.648275                    -0.399600      0.791205                0.865928          2.456559                    2.580896
64       2        2       1          0          0         2         1  0.489154  1.143625    o9_t1_cs_d1          -0.475910                    -0.072083      0.813492                0.969323          2.075777                    2.277691
65       1        1       1          0          0         1         1  0.127482  0.775590    o9_t1_cs_d2          -0.118778                     0.063016      0.946921                1.029353          2.118976                    2.209874
66       2        2       1          0          1         2         0  1.019199  2.000000    o9_t2_mf_d1          -1.019199                    -0.927506      0.629025                0.656671          1.728156                    1.774002
67       1        1       1          0          1         1         0  0.326482  0.996562    o9_t2_mf_d2          -0.317779                    -0.185294      0.867647                0.920636          2.083217                    2.149459
68       1        1       1          1          1         1         1  0.642346  1.000000    o9_t2_ap_d1          -0.642346                    -0.476830      0.776971                0.829542          2.237755                    2.320513
69       1        1       1          1          1         1         1  0.586715  1.000000    o9_t2_ap_d2          -0.586715                    -0.436660      0.792274                0.841182          2.237755                    2.312782
70       2        2       2          2          2         2         2  0.509599  2.000000    o9_t2_rp_d1          -0.509599                    -0.417907      0.772272                0.809341          1.728156                    1.774002
71       1        1       1          1          1         1         1  0.164367  1.000000    o9_t2_rp_d2          -0.155664                    -0.033313      0.930437                0.984695          2.082091                    2.143266
72       4        4       1          0          0         4         1  2.853539  3.276917   o10_t1_cs_d1          -1.606718                    -0.645900      0.632862                0.834211          2.769615                    3.250024
73       1        1       1          0          0         1         1  0.360833  0.897658   o10_t1_cs_d2          -0.353250                    -0.131414      0.887094                0.956453          2.775452                    2.886370
74       1        1       1          0          1         1         0  0.207041  1.000000   o10_t2_mf_d1          -0.207041                    -0.145365      0.935846                0.954522          3.020202                    3.051039
75       1        1       1          0          1         1         0  1.474601  1.000000   o10_t2_mf_d2          -1.427563                    -1.252129      0.628491                0.666534          2.415044                    2.502761
76       1        1       1          1          1         1         1  0.211138  1.000000   o10_t2_ap_d1          -0.211138                    -0.163581      0.936688                0.950596          3.123722                    3.147501
77       1        1       1          1          1         1         1  0.490624  1.000000   o10_t2_ap_d2          -0.490624                    -0.421358      0.864256                0.882293          3.123722                    3.158355
78       1        1       1          1          1         1         1  0.103520  1.000000   o10_t2_rp_d1          -0.103520                    -0.071755      0.966860                0.976912          3.020202                    3.036084
79       1        1       1          1          1         1         1  0.297437  1.000000   o10_t2_rp_d2          -0.238787                    -0.138877      0.923557                0.954819          2.884935                    2.934890